29 -2 0 -2 
29 -2 0 2 
29 2 0 -2 
29 2 0 2 
1 -2 0 -1 
1 -2 0 0 
1 -2 0 1 
1 2 0 -1 
1 2 0 0 
1 2 0 1 
1 -1 0 -2 
1 0 0 -2 
1 1 0 -2 
1 -1 0 2 
1 0 0 2 
1 1 0 2 
17 -1 0 -1 
17 -1 0 0 
17 -1 0 1 
17 0 0 -1 
17 0 0 0 
17 0 0 1 
17 1 0 -1 
17 1 0 0 
17 1 0 1 
29 -2 1 -2 
29 -2 1 2 
29 2 1 -2 
29 2 1 2 
18 -2 1 -1 
18 -2 1 0 
18 -2 1 1 
18 2 1 -1 
18 2 1 0 
18 2 1 1 
18 -1 1 -2 
18 0 1 -2 
18 1 1 -2 
18 -1 1 2 
18 1 1 2 
28 -1 1 -1 
29 -2 2 -2 
29 -2 2 2 
29 2 2 -2 
29 2 2 2 
18 -2 2 -1 
20 -2 2 0 
18 -2 2 1 
18 2 2 -1 
20 2 2 0 
18 2 2 1 
18 -1 2 -2 
20 0 2 -2 
18 1 2 -2 
18 -1 2 2 
18 1 2 2 
29 -2 3 -2 
29 -2 3 2 
29 2 3 -2 
29 2 3 2 
18 -2 3 -1 
18 -2 3 0 
18 -2 3 1 
18 2 3 -1 
18 2 3 0 
18 2 3 1 
18 -1 3 -2 
18 0 3 -2 
18 1 3 -2 
18 -1 3 2 
18 0 3 2 
18 1 3 2 
18 -3 4 -3 
18 -3 4 -2 
18 -3 4 -1 
18 -3 4 0 
18 -3 4 1 
18 -3 4 2 
18 -3 4 3 
18 -2 4 -3 
18 -2 4 -2 
18 -2 4 -1 
18 -2 4 0 
18 -2 4 1 
18 -2 4 2 
18 -2 4 3 
18 3 4 -3 
18 3 4 -2 
18 3 4 -1 
18 3 4 0 
18 3 4 1 
18 3 4 2 
18 3 4 3 
18 2 4 -3 
18 2 4 -2 
18 2 4 -1 
18 2 4 0 
18 2 4 1 
18 2 4 2 
18 2 4 3 
18 -1 4 -3 
18 0 4 -3 
18 1 4 -3 
18 -1 4 -2 
18 0 4 -2 
18 1 4 -2 
18 -1 4 3 
18 0 4 3 
18 1 4 3 
18 -1 4 2 
18 0 4 2 
18 1 4 2 
18 -2 5 -2 
18 -2 5 -1 
18 -2 5 0 
18 -2 5 1 
18 -2 5 2 
18 -1 5 -2 
18 -1 5 -1 
18 -1 5 0 
18 -1 5 1 
18 -1 5 2 
18 0 5 -2 
18 0 5 -1 
18 0 5 1 
18 0 5 2 
18 1 5 -2 
18 1 5 -1 
18 1 5 0 
18 1 5 1 
18 1 5 2 
18 2 5 -2 
18 2 5 -1 
18 2 5 0 
18 2 5 1 
18 2 5 2 
18 -1 6 -1 
18 -1 6 0 
18 -1 6 1 
18 0 6 -1 
18 0 6 0 
18 0 6 1 
18 1 6 -1 
18 1 6 0 
18 1 6 1 