29 0 0 0 
29 0 1 0 
29 0 2 0 
29 0 3 0 
23 0 4 -1 
23 1 4 -1 
23 2 4 -1 
23 3 4 -1 
23 -1 4 0 
29 0 4 0 
23 1 4 0 
23 3 4 0 
23 4 4 0 
23 -1 4 1 
29 0 4 1 
23 1 4 1 
23 3 4 1 
23 0 4 2 
23 1 4 2 
23 0 5 -2 
23 1 5 -2 
23 2 5 -2 
23 -2 5 -1 
23 -1 5 -1 
23 1 5 -1 
23 2 5 -1 
23 3 5 -1 
23 4 5 -1 
23 -2 5 0 
29 -1 5 0 
29 1 5 0 
29 2 5 0 
29 3 5 0 
23 4 5 0 
23 -1 5 1 
23 0 5 1 
23 3 5 1 
23 4 5 1 
23 0 5 2 
29 1 5 2 
23 2 5 2 
23 1 5 3 
23 -2 6 -2 
23 0 6 -2 
23 2 6 -2 
23 3 6 -2 
23 -3 6 -1 
29 -2 6 -1 
29 3 6 -1 
23 4 6 -1 
23 -2 6 0 
23 -1 6 0 
23 0 6 0 
23 1 6 0 
23 2 6 0 
23 3 6 0 
23 4 6 0 
23 0 6 1 
23 2 6 1 
23 1 6 2 
23 0 6 3 
29 1 6 3 
23 2 6 3 
23 2 6 4 
23 -3 7 -2 
23 1 7 -2 
23 -2 7 -1 
23 -1 7 -1 
23 1 7 -1 
23 3 7 -1 
23 -2 7 0 
23 2 7 1 
23 1 7 2 
23 2 7 3 
23 1 7 4 
