29 0 0 0 
29 0 1 0 
29 0 2 0 
29 0 3 0 
29 0 4 0 
23 0 5 0 
23 -1 5 0 
23 0 5 -1 
23 0 5 1 
23 1 5 0 
23 -1 4 -1 
23 -1 4 0 
23 -1 4 1 
23 0 4 -1 
23 0 4 1 
23 1 4 -1 
23 1 4 0 
23 1 4 1 
23 -2 3 -2 
23 -2 3 -1 
23 -2 3 0 
23 -2 3 1 
23 -2 3 2 
23 -1 3 -2 
23 -1 3 -1 
23 -1 3 0 
23 -1 3 1 
23 -1 3 2 
23 0 3 -2 
23 0 3 -1 
23 0 3 1 
23 0 3 2 
23 1 3 -2 
23 1 3 -1 
23 1 3 0 
23 1 3 1 
23 1 3 2 
23 2 3 -2 
23 2 3 -1 
23 2 3 0 
23 2 3 1 
23 2 3 2 
23 -2 2 -2 
23 -2 2 -1 
23 -2 2 0 
23 -2 2 1 
23 -2 2 2 
23 -1 2 -2 
23 -1 2 -1 
23 -1 2 0 
23 -1 2 1 
23 -1 2 2 
23 0 2 -2 
23 0 2 -1 
23 0 2 1 
23 0 2 2 
23 1 2 -2 
23 1 2 -1 
23 1 2 0 
23 1 2 1 
23 1 2 2 
23 2 2 -2 
23 2 2 -1 
23 2 2 0 
23 2 2 1 
23 2 2 2 
